8	4
0,125.695949,46.627601
1,128.768001,45.979001,8,122,8
2,130.272732,47.428240060790976,6,122,6
3,126.624874,47.018607369951674,7,122,10
4,123.905472,46.35957,6,122,9
1,127.752244,47.02273505420909,110,8700,4830,66,1,4,9
2,124.935097,46.525398,150,31200,13870,90,1,4,13
3,130.559601,45.472801,160,14040,10530,99,1,4,14
4,129.556889,47.359278,210,10440,7080,132,1,4,19
5,133.002197,47.07540203263565,190,1620,1530,23,1,3,3
6,130.272732,47.36761606236619,300,22860,21590,180,1,3,27
7,128.91698143350436,47.722541,210,20340,12710,102,1,3,15
8,128.90779775116548,44.346196,280,7740,1460,40,1,4,6
