8	4
0,130.256777,47.28017
1,132.42136959063527,46.928398,6,184,6
2,129.791595,46.670399,6,184,10
3,129.38184810452026,44.087097,6,184,9
4,128.768707,44.977001,6,184,8
1,128.166587,47.387113,200,38160,9540,91,2,3,13
2,129.911392,46.83337436696275,70,5640,3820,42,1,5,6
3,126.748321,46.172345,210,10980,3050,32,1,5,4
4,129.02559435183946,47.019751,230,19260,11240,145,2,4,21
5,125.217094,49.097298,210,8280,7590,45,1,4,6
6,125.162935,46.56182,160,4140,1150,98,1,5,14
7,126.309151,46.788858,190,29520,16400,116,1,5,17
8,124.454801,46.352774,130,7020,4390,77,1,4,11
