8	4
0,126.698441,45.781307
1,123.636902,47.3066584049327,10,152,6
2,124.851418,46.478321,6,152,7
3,124.5951,46.825238784362035,6,152,9
4,129.961153,48.693966,6,152,9
1,132.11411484034838,47.2386,190,9300,3490,40,1,4,6
2,128.042099,45.948201,210,9900,8390,114,1,3,17
3,130.809781,47.663678298234146,260,14160,10620,160,1,4,24
4,126.527855,45.866875,210,6960,2980,19,1,4,2
5,126.651,47.78,190,13500,4820,35,2,4,5
6,125.200638,46.584555,80,3600,2100,48,1,4,7
7,130.283997,47.065250029667304,200,18360,6730,80,2,4,12
8,128.89544964061724,46.923953,110,21780,2420,66,1,4,9
