8	4
0,126.949225,45.243417
1,127.103331,46.431941,6,174,10
2,132.06262275083313,47.0821,6,174,7
3,128.448471,49.579039,6,174,10
4,128.036692,46.897389,6,174,8
1,125.256308,45.704367,230,36000,9300,140,1,3,21
2,131.04219,46.5792,160,37080,13240,95,1,5,14
3,130.320099,46.8354322586308,210,12960,2380,124,2,4,18
4,126.2208799024725,47.280602,60,14400,2400,37,1,3,5
5,128.844251,47.853944,190,20700,11500,81,2,3,12
6,130.785804,44.856291,200,57600,12000,143,1,4,21
7,126.747498,47.28140128102489,110,5280,4220,65,1,4,9
8,123.403419,46.367065,100,15000,10170,63,2,4,9
